10000
7187
900
5966
8251
6249
6555
2267
909
9663
5389
7663
1930
669
7282
899
5495
5234
8724
1341
4475
3781
2577
295
7181
2229
279
9871
141
8575
3429
3464
8200
3582
5879
8856
2979
3436
111
9426
1919
4062
7117
221
4182
3583
1789
1411
9207
4414
6489
6225
3708
7881
139
3332
986
8536
6685
8663
4972
3484
4489
6102
4459
2040
8250
3391
9744
2827
7855
3407
1867
2744
4113
7902
6619
4245
8881
1172
3190
2643
8309
3127
9920
9829
5824
4408
682
8759
6367
3055
6253
9215
3243
1220
7538
9777
8424
2061
5184
9167
3833
3447
2799
2447
8151
8252
5274
5346
792
3868
1363
3743
5069
6122
9233
3675
5534
8755
215
3158
673
6842
527
3985
4695
9185
4367
3040
2898
3865
5001
6658
2219
562
3074
2234
4262
3720
9346
7561
6061
5499
9156
258
588
345
572
3562
9155
641
9900
9692
778
258
2141
9419
6505
6615
551
5555
6696
2394
5780
4112
5281
593
995
9897
7813
9895
4297
1504
3877
3181
1675
5907
2116
4192
1900
5682
3879
9439
6929
2501
5858
8463
5502
7453
6070
9344
6305
2694
9423
1740
8234
9380
1928
7150
3299
6719
1624
4
6199
1321
1454
7038
6943
1552
1243
5336
3482
5713
9928
3026
480
5787
2492
4144
9051
9326
8802
1075
5462
770
8871
16
6286
1825
5084
6079
5956
5054
9447
2661
4422
5076
1033
8374
9785
3359
9984
2547
3806
6360
112
7459
2094
9870
3705
3033
2445
2306
8101
1198
2896
504
4292
1461
5805
1682
2786
188
8612
9489
3600
7172
9447
5207
789
5041
7111
8075
3220
4602
7216
5481
2903
9669
5148
2801
4050
7219
1301
3155
4179
8495
7103
4636
721
7448
5574
9563
1995
5970
6835
8778
5803
341
8376
952
5652
8795
2138
8523
9470
4103
6259
8795
1195
5385
4376
3466
6489
7522
4219
9462
8118
3410
3941
5622
632
5062
2676
1683
4053
2457
1616
1815
2293
3193
7849
4205
9552
804
1541
3415
7638
661
8382
5299
4421
2768
4653
1456
7259
9117
1460
8262
3046
8870
8517
2943
5379
5437
8491
7125
7414
7204
610
8709
4531
3983
4886
6286
8750
945
2759
1339
2143
9611
59
2051
4512
6798
7970
7178
4714
2063
982
6263
3186
1141
6550
9414
6571
2343
6554
3990
3926
2429
5308
7941
1992
8316
4480
7167
2941
1822
2861
7263
2313
9708
6899
64
3714
9283
8922
5050
9694
4403
1156
2390
9781
3560
8952
6280
319
9513
6881
5519
4583
9621
4270
6441
4191
383
9096
9195
8950
2310
6097
1313
1217
2927
9072
7157
3649
3147
1766
9569
5128
5030
7329
2931
7118
9208
5285
3824
4878
5507
7536
508
3525
6479
6697
4242
1342
9861
5313
2677
9402
7652
4209
3392
7352
5285
690
6481
7115
5663
6821
5453
9349
4607
4424
3383
5776
4840
9115
8916
3799
1354
9765
8271
3627
2378
3068
3717
1899
1599
2686
4128
1958
8694
7814
2115
7916
4330
3771
2160
2263
3336
5812
4650
412
5215
6425
6604
8373
1831
9215
1047
3235
2907
9298
9800
592
5006
1206
8398
7899
1859
6124
4995
6040
2923
8472
5645
4356
1483
463
6201
9443
106
5289
4681
1163
7807
8116
8143
5081
4244
2703
5410
4418
6585
1708
3077
2258
6818
363
1278
5723
9950
8904
1242
8974
8341
3734
7829
9982
1245
935
890
9338
7081
889
1074
9418
1075
6891
683
6974
4419
8102
892
4738
1392
4265
1202
233
1041
3868
3871
4768
9692
5993
4414
6817
5424
7032
3260
3077
3489
8583
605
6815
5309
2367
9864
9622
4272
8016
7349
8873
4676
4228
1654
5430
7255
8948
5618
8189
8415
4106
9220
1176
2863
8425
8015
5086
9020
1065
214
2705
245
5737
1102
7552
5413
3755
6219
9135
2315
5390
6997
5906
4995
5700
5711
3819
6875
6039
6983
8884
8062
5102
8580
1081
3576
4935
3184
9760
1079
617
4688
6306
546
989
5395
387
872
9722
5756
6610
6213
8945
9427
9074
8023
1382
7391
1821
6209
3615
6815
570
8483
1145
1121
2208
7825
7251
5414
3414
5496
4661
4897
9998
6048
8891
1521
3107
9236
668
3546
6646
3049
7232
5105
5128
9911
9114
4800
517
4357
2175
8018
485
3359
675
9817
3417
5073
6327
4863
4042
1004
5255
1982
7079
1092
1425
4093
1099
9512
5884
1440
9726
3303
2981
9421
4436
1693
8964
7210
9557
5780
9226
9839
3835
3945
923
3210
878
6288
4893
5552
1481
9006
8804
6135
6118
2642
3221
7944
7056
6846
8114
1567
5227
2897
9662
9858
4071
6492
7285
2513
9275
9211
8028
4101
2089
2702
1786
6774
2041
7609
9799
377
1128
3554
9681
9767
5578
6153
249
429
9738
4170
8955
634
4578
439
6652
2437
4006
7201
3300
3351
4238
2826
9233
6570
4765
2146
4192
40
7632
4394
6694
3580
3067
6584
5592
116
140
3481
9005
7583
3202
2868
1964
7214
6371
4210
8311
937
2112
4542
8731
3687
7322
9420
673
8899
3286
4095
8160
524
5573
8377
6255
2952
1034
2348
6903
9298
2268
5841
137
8062
7491
42
8421
2097
8304
9228
8024
5185
7207
8246
3339
9197
3893
7950
3108
2781
1543
4960
2634
4261
4323
6217
2632
3882
6945
8155
3551
4123
5087
1864
8579
6924
193
5534
5910
2874
6748
3903
7720
7359
8414
3437
4927
7091
2821
7631
8603
2054
7339
3981
2323
6671
4057
4942
4676
2590
9374
1179
8399
6922
6463
6194
8672
5059
9484
9600
4773
2552
9531
3753
5894
2974
9748
3171
3443
5843
2373
10
1148
9118
6069
7184
2580
6543
5504
5068
1537
3465
2686
6707
6194
9652
1315
8464
7897
8442
5905
247
1163
4054
4033
3877
7494
2748
10
2011
9208
608
2943
9406
8817
4922
4274
8375
9833
804
3265
3986
3187
2482
8701
8908
1192
4104
792
1739
9811
1666
936
6480
1014
2311
8650
4884
3622
5140
3367
9527
7066
6004
9843
53
8357
1760
8710
7193
4902
3890
1701
7076
9573
9836
9020
3344
3731
8883
7461
9146
3210
6836
5370
930
8125
2138
8071
2989
3223
4938
2951
7303
9355
6125
5389
555
8617
6603
5459
7098
9934
9153
7744
6857
2551
4729
8098
8722
1448
5071
7478
5159
1736
5886
20
8672
4060
1281
6048
9426
129
6964
4379
2316
4349
2184
7273
7364
4296
2993
23
3690
4560
5810
8735
2111
5053
7158
7980
8572
9742
2387
7120
6446
7390
7695
2438
1752
5752
2716
8859
2808
983
1940
6595
9013
5173
9351
5674
3869
1660
1543
2107
5465
3697
9331
3174
6457
2281
9160
9697
7444
334
5677
5250
322
6712
3200
2489
9361
5225
3879
2138
4076
2130
8016
1605
4540
6261
5498
9161
523
7111
238
4025
7284
3658
2042
7297
3239
6677
2389
84
6721
7699
9819
9425
3275
7519
7073
9877
5842
874
2234
9721
1752
5642
4547
7571
3718
2425
6487
9619
1331
6823
9783
6880
8920
4066
4605
6685
6359
1574
481
360
4640
4587
8037
2238
4569
165
7981
6274
4612
8983
9684
2651
8934
9482
2505
3937
283
9560
7932
9804
8656
1287
9934
4728
4420
7827
2278
5561
1970
9150
1899
7679
6006
1100
2697
5093
8249
5837
3286
7858
9355
5281
3716
897
6836
5595
4967
1800
2859
2186
3825
2494
2117
6902
2021
1859
6216
6087
4568
4812
434
2800
9972
4194
3924
4062
1715
9914
1100
3583
5775
8238
5829
3531
7441
7441
11
2051
5286
8280
324
6598
2722
7483
7104
3174
6404
1262
9377
225
5156
1753
8730
4841
2305
5346
9962
9009
5056
2740
8310
883
4505
3333
9432
9840
8456
3541
6597
3573
6835
1840
4888
4177
5102
7834
3869
4118
8325
3837
130
8285
1554
6490
616
5502
3803
8076
5766
8504
6910
187
8595
8946
4846
599
3093
8793
460
9175
2712
5350
8725
1437
2074
6876
106
8201
1219
1136
1942
3279
2797
2045
4834
9897
1342
4349
269
5398
4758
2462
4257
6101
4095
909
4780
566
4022
8427
2205
2553
4544
3349
7908
9106
8009
3308
44
9445
6804
3017
4967
1134
667
4495
248
2309
4980
7942
9185
1772
5215
945
9877
9782
8595
1970
859
1820
4418
8828
2682
9278
3834
1336
8118
1484
8586
8379
5354
5559
1623
981
2231
661
105
3019
1464
7516
8517
1096
2700
6667
3022
2746
3685
9240
9002
3321
9190
7802
2570
1762
3950
8361
5731
6518
85
7286
12
7401
6063
7780
8116
4759
4034
2936
9733
2390
1870
5699
12
750
7908
6004
18
6471
9824
2669
7692
5175
9433
9376
8526
1368
2764
821
4765
5034
7086
8740
2509
5191
4104
7790
1934
6449
2104
1509
757
3072
1283
8626
5404
4252
1770
5552
6072
4344
9438
6394
370
2281
8150
4273
9394
9245
5002
2797
1082
322
5455
5356
1216
9639
8997
4071
3660
3238
3863
7439
1814
1685
5555
9863
9850
5131
6947
7990
306
4098
5283
6919
8681
3628
4655
2144
6057
4383
3280
7196
6756
6279
7917
2961
5126
7787
9922
2835
7376
3593
236
144
1799
9933
3150
1137
5039
8480
5485
2953
833
9227
4556
6273
8171
4544
5786
3542
6933
1836
1692
3247
473
7074
5576
3202
3001
5449
8848
110
9604
4965
3547
1605
8876
7160
9116
354
2406
66
3866
4092
9335
2528
8531
7469
5164
1836
1465
9653
2574
771
3794
7868
6243
4505
8271
2809
602
1002
7458
4358
7970
6449
8744
7153
1018
8026
2713
8333
5724
6461
9736
8746
5009
8343
2265
1055
7112
8200
191
3683
5270
955
1153
6567
6869
1298
9018
4545
617
3526
8478
2383
5933
365
9346
7004
9959
7060
4822
22
5466
7608
9940
947
5696
1992
832
7233
4200
6635
3111
1616
7415
9798
9281
7053
3905
2141
2461
2447
5347
8857
1559
5154
7952
89
7786
2663
4057
7595
3620
9057
4810
450
4030
6472
6937
429
9906
686
7025
6931
8627
743
5740
1590
5945
3269
4462
7295
483
2649
6967
3908
665
6049
5039
4164
6201
9780
8081
2051
7921
3249
2769
9059
6389
5233
7652
520
8174
1887
4602
4579
9915
5340
6280
970
6285
4778
1514
6681
2551
1466
5675
9127
7084
7981
6466
3784
7211
6522
6010
2784
7049
6494
4533
9844
5594
4698
8311
9127
5219
6464
5734
6914
2327
401
1197
437
81
6436
1968
7175
3792
7713
3068
7826
4624
2935
7856
1430
4568
4528
4196
5864
4523
2371
8998
6156
3823
9950
4791
3586
1715
5408
781
306
7445
3785
3025
4362
2349
2635
8936
6212
3411
9166
6413
2667
6000
9817
7587
8276
9154
7046
7431
9260
328
9504
9553
9736
6259
9882
2588
8498
5001
7127
5273
7266
1636
8971
891
9575
1842
617
4292
1835
2956
9872
4166
3033
642
9952
425
6460
6208
3462
1665
7560
6041
3716
2433
8363
6841
832
3365
5659
1788
3699
7703
8291
5688
3589
8564
7384
2488
2550
7193
8771
1070
1397
9631
3962
9964
6118
8030
6002
5463
7428
5836
9370
9161
746
1772
8718
3666
5143
7891
2650
1428
6811
4592
911
9725
7173
2335
9105
5012
6937
7926
6634
5750
7747
9177
8443
1012
2717
1428
3585
87
6188
4697
1863
8500
1257
2994
5055
5266
1259
2977
6432
1553
1230
9894
8339
7056
1986
1692
9297
7782
9740
1037
6419
1392
242
2184
5438
8240
6832
6189
1206
8340
624
703
7235
5421
8166
7451
9787
6293
3829
7481
2654
8023
909
4863
4849
2331
6869
159
5212
3533
4012
4596
259
6505
8560
3077
2856
5505
6125
4260
4075
1026
7058
2476
254
5879
1333
3427
555
274
2092
9571
8405
2012
7048
4344
146
4597
2687
2357
6265
9337
4925
8796
3360
8221
4252
3724
7944
7090
1676
9745
1114
6450
8618
7571
3159
2125
8702
6230
6533
1062
3600
2177
5658
5220
8668
8785
3027
9735
7273
6205
3676
7874
4399
22
5942
7838
2644
5709
7153
9429
5578
5962
4422
3192
3178
4865
1620
3451
7501
3761
1969
702
1601
2026
6591
2899
7190
8827
3150
6277
7795
1049
7538
4975
2921
7003
3868
8245
7759
7167
7003
110
8112
5942
8878
4842
6422
6188
1453
9317
9558
5859
2293
5404
1358
3967
8469
4112
2388
6377
1637
1628
5701
1487
8912
5102
583
2669
771
8506
304
9083
1958
9135
3961
8601
2820
1688
4310
8798
6072
1557
6440
5976
4542
6930
5496
1881
785
2455
8041
8871
3982
3005
2739
9163
964
7304
9053
1058
3521
5328
6840
1946
7191
6765
8327
2983
9250
704
461
7708
2940
5427
9850
7853
6595
6028
2337
6589
2870
6939
1041
83
4328
3624
2494
5024
6897
3998
460
7029
7970
9169
2203
4341
416
291
4138
1576
9445
4167
6996
3639
8393
4067
4075
7900
2525
125
9615
7114
6193
6046
3846
3073
4958
5386
9717
4226
7104
4680
5723
5956
745
9773
4816
6486
6866
7296
9210
350
660
5574
3209
9752
3126
42
6400
6567
7554
2741
1697
4614
5598
9434
8708
9347
1324
4244
8053
9711
8438
404
1710
3968
1083
4595
537
9493
7525
1418
7389
569
5025
2785
8577
4642
831
2187
6539
3384
5098
8832
6859
7054
587
6199
1111
5560
2016
122
743
6519
4186
1260
9962
8330
4303
7990
3208
2827
5292
6738
2104
2320
3673
6193
1954
2181
646
9125
3832
7223
2919
1116
6951
1656
9187
5809
3535
6174
8360
4838
2242
8921
8602
1014
2398
142
9453
3124
3245
9839
1461
9815
7087
509
3358
1260
7083
5888
7735
657
1279
4659
7350
4354
7307
2107
3510
9812
6779
3960
4641
7018
5415
532
6423
115
4533
4854
5362
207
9775
2617
9923
8474
7514
4891
2814
8645
2293
904
3130
2221
3760
1086
1095
7289
4905
9078
3087
4118
9870
7419
5192
6835
3332
7354
3564
9625
1325
3781
3753
8262
8047
8216
6138
7017
2312
3131
5155
3470
565
9662
4192
3974
5896
1808
5248
7723
3644
9988
4022
1911
9123
7343
4203
4395
646
961
8320
6752
8840
9617
6731
6450
4207
8765
1247
9889
8476
5666
3513
2149
6197
7323
6523
6998
4014
2591
9186
2222
2432
2931
528
812
1897
3049
4655
6456
6681
3319
1431
2384
1231
1997
9497
510
5656
8523
4608
4717
8740
5215
7196
7314
8451
8573
24
8606
2386
8955
7640
8685
9522
9612
1985
8386
2764
8060
2115
3514
3702
9031
4954
4041
1531
7830
9420
7358
2721
4464
8628
6795
4918
8950
9301
4985
7748
3189
8315
5640
8691
6978
3019
6147
4976
9236
3617
1373
4123
63
336
865
6219
9538
5615
7355
810
1162
3711
5942
472
8368
8839
4329
3046
5553
6522
2359
6108
3933
7646
4237
3321
6221
5454
4285
7857
4911
6338
4769
7957
1732
2379
8939
6518
324
5469
1996
9755
9447
7870
4290
7219
574
1494
7443
5107
8778
7921
8291
3927
9785
75
6067
2689
6180
8535
1148
2702
847
7795
3200
5457
5550
5915
8686
8114
3240
3254
8994
5768
6979
6227
8154
4764
8225
7649
957
6927
7149
6289
5939
8799
5700
6951
3060
9269
7164
5216
9107
4997
5883
9715
6243
7610
1115
733
587
9490
8328
2529
1386
5762
4900
229
4112
6638
9896
9634
9621
5202
7842
1647
8384
5460
6825
5701
2414
3026
4646
7473
9953
9261
4638
8247
1313
4452
1459
7505
5898
4377
2250
1503
4456
918
4847
5062
8541
4057
6805
8260
5996
696
112
3404
1577
9184
8023
2688
2779
4194
2057
880
8402
8677
9178
337
2474
2323
8626
1514
5753
5465
7753
9644
6042
3102
8380
9729
5527
2455
6877
918
5310
6949
1954
102
8665
4741
7729
928
2984
9131
8868
8678
2308
7596
9797
4207
3491
1951
496
512
9362
9150
8328
8892
617
7720
8123
7992
2877
3207
4633
6456
236
7709
5658
187
3626
7521
859
7713
9220
3526
4690
8999
7789
1119
7667
5147
2221
4341
4039
32
1957
2123
1924
1006
6722
7794
3194
7709
133
6940
6974
4723
79
4113
1645
8450
5557
1762
5781
9413
7318
7669
8321
8474
3054
4934
6043
6258
8225
8846
5828
2365
4412
4084
9394
3410
9885
7533
3656
5570
5558
1990
2624
3959
1403
2802
8872
6358
3809
6295
7283
4464
4014
9373
5885
7139
760
6275
1179
8246
3563
7169
290
1435
8840
7455
7790
5804
5245
8910
8062
3591
4597
2079
5799
7031
4736
4096
2300
6242
8804
5865
2349
4023
9936
7023
5665
3508
9168
2977
718
9995
8285
1543
5756
5587
1319
7123
8343
1390
1577
5035
5929
3543
1441
5337
695
9827
5176
1517
2971
6576
4328
5279
3477
1103
4199
5733
7387
8933
2026
3518
4377
519
3037
7412
6240
2590
187
9001
8729
3983
8348
728
5261
3841
9802
6850
9148
3151
7324
3946
7223
4153
6545
8271
605
8896
8454
1822
9048
1651
6965
1631
3513
3958
4236
2614
8341
7218
6031
7440
3794
9689
9528
1289
3237
6987
2350
6338
5948
6869
4600
7309
824
4527
490
7585
1147
2116
3776
6455
7222
1323
8709
2251
9376
9671
7939
697
5000
3707
4404
8164
1977
5983
7737
8505
8856
7145
5647
1379
8571
7387
2019
858
2030
1322
4083
3834
7022
8712
1466
9400
5870
8887
8633
4261
5477
3634
6988
7473
5633
9646
7188
2731
5822
5453
3317
4330
8047
6059
1598
9006
2623
7247
6505
6331
113
910
7538
261
7439
8528
2455
1626
391
8333
1147
7240
9040
7038
7974
6839
7730
8513
8139
6507
2159
7349
2847
2218
7927
3931
7085
2829
2802
5486
7278
9284
576
7105
680
7412
2652
2355
5851
9982
8968
319
1248
954
7823
165
4379
4751
9261
9158
1314
8636
6071
285
8419
5455
8477
3586
8395
7860
4223
1757
215
3230
1998
4047
6348
2113
4175
96
6213
7801
9358
7158
8272
5420
1062
2070
5531
223
3070
5707
6629
1888
6644
7337
8226
271
1080
3898
5151
8329
5425
5924
5144
1851
955
8404
9093
6837
1966
4379
8046
8375
7174
2980
1354
3932
2610
9471
7327
2805
111
203
2531
8259
3405
36
434
4852
4181
4502
8171
758
4221
5643
3559
1424
8999
2022
5191
4340
5345
8939
7361
5877
7401
239
4801
7051
3415
5095
981
3486
8056
2946
5230
7040
8378
5629
6642
4982
9564
6229
2235
6080
5283
3371
8526
5674
8119
4415
8522
891
3927
130
1291
6322
6834
1802
5899
1058
5762
2359
747
34
816
1134
4078
8398
1561
5801
7433
905
7938
893
2676
5484
3685
6050
4485
517
6702
5455
1486
5112
1465
9836
1915
6410
3222
2718
7813
8601
1600
6401
4700
2122
2989
5103
2035
465
8708
2474
2745
54
9069
6759
60
2470
7716
7386
6222
3580
1830
8145
4104
7838
1948
4969
3947
8591
4086
7396
2251
8376
5357
5647
6493
9720
7918
8110
1354
2445
262
2572
4088
1839
7440
8733
7962
7766
168
9366
8549
7243
7748
7605
6684
1744
304
3251
5034
4028
8340
3099
5839
2134
9935
6569
3929
8072
729
7166
5040
5703
1933
8456
7782
3391
3400
9943
1065
5866
3076
7243
4152
4680
3222
4091
320
4833
700
7102
8378
4271
1153
5675
5946
8592
1716
6741
9687
641
2513
5690
8792
7131
3334
5051
1930
320
5362
1357
6971
7825
3089
4322
5494
6260
3858
8426
1520
7463
7858
5704
5806
1905
9599
3422
9004
3179
9380
6837
2552
8700
5950
6554
2804
1158
8995
2698
2592
8375
9714
5528
923
2389
2921
666
8347
7212
1351
3677
6264
2296
6405
9972
1567
2909
417
9058
3856
7797
5485
4518
3689
6576
3878
8774
7564
3803
4305
3246
4157
773
5476
6984
4741
4539
2443
8936
50
7126
7889
80
5736
8722
6521
9693
962
5208
5396
3532
9083
7721
5287
157
5241
1623
9593
959
8452
8167
8663
1558
839
5161
143
1778
8643
3069
9968
4916
4297
7635
8344
1083
692
22
6435
9468
3615
8723
8619
6483
3390
4691
9059
1387
8400
2534
5274
8173
6272
7541
5443
7627
6893
9493
2849
2250
2909
7654
7012
3272
3327
9769
9492
5247
2828
2885
6782
1821
1415
9812
2694
1269
176
3492
4598
9597
9345
6695
4051
2463
1625
1515
127
8715
6387
9718
4278
6041
1973
914
4800
1383
128
2224
85
6205
819
2163
9619
4899
7565
1815
6849
8670
4937
3293
1304
3050
6491
1815
546
6590
6421
3008
4508
4824
2467
4434
5692
4338
9185
7305
3405
1442
6299
3207
8254
185
1355
594
1865
8527
4534
2486
5352
9668
5600
3462
6035
4486
296
3327
2312
2245
6418
5220
5739
5639
9843
7385
8690
8214
8323
4627
3565
4754
2026
6422
9156
9168
5258
5579
8866
9161
3010
2572
1504
1392
9092
7724
3416
2769
3837
2685
8455
2499
2578
9983
5214
5842
871
2274
5317
2308
3837
584
9218
8328
6029
7082
2193
2545
9253
9827
2388
2604
7379
2743
1867
8290
8895
7647
5534
3380
3848
4956
2881
844
5492
3582
4151
7673
6752
6606
9580
9413
9931
6183
9849
7284
2467
2051
3890
4574
1139
7185
8402
5014
1819
1706
6318
51
9958
8825
9378
3655
3276
1403
2770
195
1511
2703
3702
1542
625
8139
8074
9182
2012
7338
5165
3180
9282
1393
3406
6568
1185
7349
4629
1718
7981
8515
4805
3645
1763
2962
2802
5158
5727
1122
9038
891
9946
1930
4996
2642
9222
9531
9221
9225
5122
1994
7523
7111
5601
1016
6833
7678
5169
3722
788
3598
9852
9346
6485
5257
4061
2059
3036
8101
3463
4201
9006
2696
1435
1877
1199
6753
4890
9311
1075
1426
6564
5395
8910
885
5576
333
8724
3557
2294
9488
3880
9366
334
2750
8650
4595
7128
2944
1187
6576
3070
1137
3041
8866
4237
1956
28
7090
9393
2168
3557
498
7951
4751
5121
6133
5418
8790
4809
5024
2396
4480
2257
1937
9381
5605
254
4194
3671
7007
451
7515
7246
8130
9245
4057
2433
7931
2927
2477
7145
104
1420
8601
4031
3678
2258
24
3157
2355
6246
5319
9562
1177
8338
7944
2933
5599
5913
7739
1713
1624
3146
7447
7228
9924
7302
8839
1777
3439
4467
5550
5825
6356
8347
5531
6932
7581
2186
5727
4550
5563
3336
5784
9691
7510
6313
6189
688
5604
3454
6129
4688
6223
2250
4318
7174
7370
8849
9746
6639
3117
5519
882
9862
953
7252
6739
209
4768
6644
9332
8504
799
2167
1983
5326
4058
6717
3152
197
3128
9260
6920
1888
4917
2395
2786
1685
1242
6278
9776
4634
606
4677
7527
2224
7111
5390
6218
2401
7833
747
7736
3974
4757
9654
7706
8025
8858
4139
9826
3149
1188
2998
8913
379
6084
7457
2688
2065
9945
6473
4510
7116
7951
4679
7443
217
2680
9313
9576
6647
4444
3829
3529
586
8885
6618
6575
6174
6108
8959
2217
1524
1660
6245
4215
2728
4143
3361
6988
2364
6245
9689
6010
5511
7746
4585
6817
7878
5866
5415
6129
9399
6134
2641
9232
7609
5548
5898
4186
6420
6846
2642
6769
2742
2412
5154
6192
3013
9201
3527
1867
7779
445
9145
7456
828
8652
9068
1382
3392
600
6098
1673
4094
1866
8425
1662
7465
478
8374
3676
3012
1255
2207
1644
8974
7718
9518
8072
8097
3081
8193
9434
1460
605
9317
7694
443
5540
8253
1440
1056
8542
1126
9181
7034
3499
768
2913
3445
5601
2940
334
5590
8137
4101
2356
3337
9201
816
9695
2424
2902
9415
6179
2108
7208
3562
2777
1705
2593
5524
8226
1029
9461
7130
4752
1432
5085
5589
4228
8277
9447
9020
6502
239
596
1240
9448
7347
8222
7357
3635
9717
8210
2813
6188
4178
1156
7644
2468
6293
6335
7639
1410
6866
9311
5883
9668
6156
2259
5623
8592
7280
1633
3269
6538
6871
9451
4134
7836
8010
8847
3697
4731
4943
8441
2912
4920
3641
8867
1812
4279
2227
3199
2914
7842
2540
8861
8046
4774
183
3222
8552
9330
5322
2879
3491
7077
2718
6177
6447
1468
7684
3120
4104
8784
26
3219
635
4984
7472
1262
3
2260
8755
3492
2333
8521
536
8980
5048
1689
3852
6707
9040
7870
4481
5445
2708
1067
126
9463
1202
9675
2487
71
522
5302
3197
1491
7099
5617
4399
2814
1988
8718
9002
6999
8567
4749
5249
1189
2633
7515
4647
2152
8185
2205
9043
7518
5282
5798
3729
6828
3767
7501
2015
1050
9196
2226
2765
4362
7495
2650
4494
4908
8841
118
3288
5195
4894
132
7313
4498
1557
6430
9305
6705
1443
1561
7624
8052
7194
8449
291
8933
1515
4950
4702
6697
5635
1515
2206
1631
733
63
5314
6573
35
2612
987
9240
3065
2230
5095
4057
9464
4202
9591
2205
4277
6783
2591
5984
3632
3189
8865
9146
3327
7553
8582
5878
7033
7738
6441
4394
5560
4873
7066
3399
4424
7704
5699
5834
8724
1092
2638
8684
9392
3891
7702
2452
256
7447
3482
2041
4567
7659
7674
3123
8949
970
2155
9036
2243
9156
9684
2360
7588
1177
7255
5914
1585
3804
9388
8272
9231
3032
997
4792
1026
1441
9815
4161
7809
4904
746
3765
8575
4746
8153
136
9348
3528
6910
702
8496
9805
963
5773
5768
9549
7427
3989
1745
3407
789
6135
5661
5857
4724
8637
2115
4355
7520
5947
9941
6018
6380
149
8851
6531
5444
2011
341
9539
4103
8785
6630
5243
8917
492
1777
2453
5131
3571
3289
933
5816
9620
3318
7551
3735
8026
8505
3196
7448
6394
4854
9340
938
9164
1637
5345
8273
5628
1362
5716
2000
9583
4085
1508
5917
3551
3199
1952
228
4584
9424
5745
815
8936
2502
350
1545
3699
5513
8502
6204
4306
2721
2597
5129
4401
9800
1494
7809
1339
6096
6779
5009
2288
1871
6784
6686
6548
8915
8454
524
262
9525
1764
9750
9918
5488
1129
4871
9065
2842
6922
8305
4052
7027
9304
4375
5145
3699
971
2256
516
4173
5712
8321
7261
9706
8774
4603
1809
5828
7273
6507
5699
5625
8015
574
4664
5469
65
7910
8623
164
9878
3499
5049
2007
3315
5040
149
2217
1303
1751
5992
7651
1431
2499
3541
7798
6394
9632
10000
6849
1093
3759
4701
5009
5772
2542
6544
3260
8460
5562
8892
5578
1929
9517
4895
4796
7295
3258
7226
4603
7010
7057
4204
38
3226
4714
2401
6166
9224
9178
8816
4411
1033
609
2255
7028
8519
2471
7590
9337
954
3406
7032
678
8499
2733
7891
9026
4523
6111
7364
7833
8907
8803
8755
8837
914
6989
4950
609
7805
81
2277
1805
9725
6092
7794
1552
2704
2103
2959
4060
1205
4638
5142
7094
6928
918
9351
7089
6380
7832
5650
9456
8930
7573
5843
5074
2779
3023
3167
9394
3714
3686
8396
1893
5444
8092
1945
1215
1069
4839
8342
2595
6041
2019
7293
7391
6562
8363
3860
2369
2369
4723
7678
4703
3646
4554
4285
7730
3642
2601
892
8185
9084
3179
4524
2781
7814
7086
1752
7560
9375
2289
9582
9106
1262
5079
1140
4043
9468
498
2365
3508
8762
4496
5779
3814
7592
3111
8532
9996
8477
313
8861
3993
546
6987
1798
729
3378
8121
3054
5446
8617
207
7849
7867
7919
5006
9811
1292
1751
9950
7368
4392
4322
1327
1394
2496
1778
4114
1547
2505
1134
62
6151
9416
2247
9641
3290
5322
5074
7107
9636
1487
2742
3928
9795
8273
5681
6650
2109
1902
6753
2052
781
8019
2516
2955
3121
786
6393
5627
389
1937
3355
6819
7627
8434
3284
8145
6643
6132
1890
4761
1490
9658
6744
5607
92
7948
9935
7268
2688
5495
9032
4931
5618
7163
5734
9869
1320
6920
3380
5871
1258
4493
9299
7172
6619
8282
2348
135
5938
3468
1848
1204
8298
8194
1915
5785
2341
985
9593
3581
2682
1738
5016
3047
6202
7392
2893
9069
7304
7201
6505
2275
511
6297
2364
2450
7908
8334
6757
5633
4507
5046
1526
4438
6895
7702
5575
7740
9751
8149
3896
7384
1022
9124
1402
8433
9003
582
5686
4974
7745
4483
657
6240
7535
515
6715
4960
1405
9689
5285
7950
7635
4910
301
2259
6900
1755
1766
9784
4080
529
2414
7647
1166
7730
4278
3197
8443
9291
8550
2219
6762
7674
9553
2886
6577
8352
6001
2073
8753
584
8128
9026
8297
6082
9410
3183
4157
9373
4130
9504
8638
3347
4840
9925
1811
9824
7150
137
2750
541
4903
224
3681
3827
5112
8378
65
1868
4876
7655
137
2769
1637
5139
3046
7200
4735
2060
9694
6466
1817
3317
2139
8520
2068
6622
2140
77
5423
5514
1458
4260
4674
8359
6862
7603
6981
5790
9540
855
6888
2957
2724
7046
124
3748
6690
1495
6123
409
2355
9694
4284
740
7627
470
3438
1750
1139
5601
3639
8938
2154
7433
7019
9250
2309
576
3878
1415
7078
4802
5862
6434
4327
5112
8325
8560
8390
4844
866
5769
9022
6812
710
7962
3150
5701
8291
8337
6757
735
7671
4222
9671
2177
5272
252
2778
4528
8645
2481
2941
922
7871
8519
6232
3536
6772
8361
9105
9651
9320
9786
1115
6951
9232
3588
3887
5436
6522
4057
355
4705
7492
9616
2191
4294
2058
9794
5129
8635
1601
597
7507
8905
5617
1144
267
2001
1394
7920
4739
4758
7720
8827
1010
6036
4745
1407
2862
2180
9115
80
5819
6411
5341
9878
8408
647
6706
2740
4007
977
5594
5729
675
9899
7819
5227
9704
1358
8947
3751
8295
8219
5200
2468
7294
1591
8070
130
5222
8573
6491
995
6705
2947
7902
3850
477
6007
6802
4823
6857
9205
2401
1834
1252
9793
3161
9235
5708
4985
2434
3243
3850
6156
7383
5958
5581
5477
2007
8571
5943
3310
9404
1161
6159
5080
2028
8765
4422
8493
9373
4565
6653
2462
6233
6568
7913
2693
8705
1637
7354
2483
2273
2814
7355
3148
2945
2249
1937
4586
2176
5941
1572
3850
8178
8600
2540
9423
1920
926
7123
7838
422
6040
8447
2316
8791
3057
6113
2814
5303
6808
624
3004
6000
3976
5473
2042
7662
7425
9610
7651
4354
4301
8780
2393
6336
3684
7948
8136
519
5324
6963
5492
8323
4983
4899
5141
508
9623
6928
8895
7518
5503
3784
1487
7880
3179
2030
6338
7230
1271
942
7618
5806
4494
8577
2515
2294
9517
9845
9740
3433
156
288
3542
2683
5343
6348
110
6507
4893
8918
10
3956
270
8083
9553
4600
8135
6820
2963
7080
1540
5996
5213
7411
8377
4993
7524
1274
3884
822
2291
6859
6828
7483
7006
4056
1101
1895
3132
6116
6500
3776
1925
7745
4470
9035
4859
8056
51
4649
2242
4580
6904
7359
8397
2621
5737
2391
5021
9266
5255
1966
2120
6945
7857
131
7763
2240
7627
4842
6155
8383
1549
3361
6425
1532
8365
1065
6171
3722
9672
179
7166
7366
4713
2243
3039
3053
4062
4424
8338
9449
254
8340
3376
6357
1776
5879
9508
1071
5884
2976
7609
1970
3080
2797
9364
9811
3241
2702
5468
8980
4051
1601
654
8123
4968
6801
37
9873
5963
2779
6529
8504
6360
1275
5714
1144
6395
5065
1705
2239
64
553
6387
1475
892
5323
4879
9597
4949
3960
7911
7114
1848
8444
4859
9939
8139
2986
9136
5254
110
2324
9516
8631
7652
8533
5056
6393
7342
4435
3826
3853
8097
8284
2960
2755
3685
3053
3850
3000
1559
6619
5482
7284
8741
5173
7035
4879
1764
1166
1567
5470
9522
5597
5076
1780
5382
2308
253
5950
4207
9057
5676
6579
1567
7329
4608
9669
6377
764
6786
6422
5614
4531
3095
1936
1627
6683
1691
6285
9640
7960
4895
7179
2959
2927
9273
5329
4164
5215
7174
4980
9535
1403
9404
2276
2418
2248
4868
8266
705
1138
4778
8590
6250
2359
3355
4596
2935
1482
7670
5719
7608
5040
5843
1052
3341
2197
9164
6323
9166
144
2139
1792
6100
7103
1969
6908
3377
2182
1439
7131
248
6852
6258
9051
4533
9537
8830
41
1913
1756
2705
6636
5394
6204
5797
9946
6280
3556
6367
2588
3055
1249
5467
935
9150
5001
5789
4863
8868
9013
2089
7486
8642
5198
8711
9104
704
5872
4481
7897
9510
4591
3656
7105
4383
8040
9650
6293
3344
7874
2736
2910
9060
8482
8073
4001
4086
3833
9404
9851
9550
7944
7448
7472
8730
8609
835
872
651
106
1186
7224
6744
5171
1366
6208
7760
7304
5339
5406
8657
8770
9941
6863
4410
9335
2176
5118
9860
3176
7704
5633
145
8363
8833
4609
6831
7086
7248
2762
5240
399
7354
4289
801
6331
9326
8192
1368
5382
3982
683
6483
5452
2867
6068
5173
7202
3351
1640
2868
3918
3703
3428
9336
1446
9477
5226
5993
7283
4110
3952
4964
624
3617
9938
6555
1848
5451
9458
4144
8282
4974
4149
3497
2294
4618
2608
5369
361
7584
10
4089
19
6948
3841
2346
4416
5242
2284
4791
8448
6820
1693
1752
4935
9794
6712
4898
5297
1610
8470
4574
3423
1664
1323
4380
9398
760
2343
4128
3257
6629
4745
6064
4172
8069
9143
2629
1354
2613
3628
2566
2485
1894
1100
1705
1439
4257
6604
9655
2880
3768
3464
50
3408
3795
7110
4847
93
2741
334
4883
8987
1958
2441
9799
3658
5560
4487
1903
3312
1701
1602
3740
5319
3704
9118
9810
3908
1603
2607
4858
9970
2567
6164
2410
1
6505
9113
8186
9944
9011
4138
5987
9022
98
5139
4721
5226
1586
4313
7632
5006
1631
3448
4641
4255
146
9256
3937
6588
7601
7384
9803
2281
9093
7333
1020
696
6455
3088
5067
5598
105
6848
4444
6080
333
3393
4115
7700
9423
8130
4322
5050
2635
4084
3526
2261
6193
6046
572
5630
9069
3547
5556
4637
5764
6275
1938
885
3764
64
8438
5957
5199
4062
2525
1473
6020
8409
8237
7939
5931
7747
618
9079
9047
6491
8794
619
2639
6693
6877
3601
7955
3398
1729
6471
8018
3853
5210
6294
3210
282
5297
5833
8087
7379
9645
2737
961
7672
35
2866
231
4268
5583
5469
5153
127
656
2883
5056
530
3724
9601
5669
3146
3545
370
988
7962
6384
8577
3051
9371
3067
341
436
3445
4522
3776
3391
5312
9460
6589
3010
7689
1252
1475
3803
2930
4918
6382
8701
8153
265
4491
8008
6498
1702
584
3829
104
4639
7082
5525
1489
9854
3762
6398
2728
8130
1916
2339
1399
7839
2374
3075
1432
2327
8499
9611
8993
2314
6344
1286
607
1187
6913
5851
6399
7491
1302
6229
1580
8481
2478
235
199
7638
6901
6989
8873
2083
4182
640
9921
9185
4854
8391
1597
6253
4053
2469
5710
5558
3962
511
3472
832
4293
756
6299
9944
2439
957
6305
404
4482
6022
4880
6196
5732
8206
4919
4383
8121
5029
9777
8902
5644
8497
5834
7998
8089
7064
2324
5960
2816
9961
1408
2220
1929
4639
8114
1563
8455
1505
1062
6692
7465
3693
7541
4896
6838
9511
163
1371
2544
1632
1648
7245
161
8986
8984
9630
655
3953
4464
8739
3406
691
7087
1725
9916
4416
4951
4932
8739
1873
621
6014
8528
9179
9968
198
5225
6045
4156
7908
7927
5184
6125
8313
7008
8048
5216
9778
6438
9238
6122
2782
5011
3021
1347
4326
7321
8697
2343
7556
5203
258
9327
9275
2315
1821
7216
6597
5730
3256
235
5891
5510
6505
1513
3603
6125
8266
4903
6475
5855
3373
3311
6825
3059
9319
7102
3942
369
3850
8810
6030
4718
2456
627
6912
4852
758
6833
2772
9880
5145
6404
7473
7701
7431
2058
7672
8917
5581
621
6933
8717
211
8232
4492
8892
7338
596
3063
9837
4384
2457
4436
8831
7356
8069
8684
6570
1922
1007
8324
3
3502
4691
3103
8581
909
3377
9929
674
9580
2896
377
215
9221
3641
581
4680
4334
6330
942
5291
8933
3025
1304
128
3211
4806
3379
6648
9250
2741
3106
2936
5760
2810
3121
3514
2148
1480
8511
4233
9327
9168
2045
4240
5545
3897
6794
951
1982
6810
6760
1537
4257
4604
9206
4775
7413
6121
125
6672
8816
9295
6523
990
633
7965
7384
1192
7863
496
4388
5760
6335
7957
2485
6598
3027
411
3747
754
1977
2110
3269
8538
1295
5273
4715
181
5772
1769
8421
8723
9942
5573
7849
4518
6362
6565
2811
1934
2629
8977
2270
9445
6003
5534
9644
161
5674
5687
5719
6581
6322
4920
9075
9366
1082
6456
7109
7182
5143
1454
6496
3629
6830
5973
9915
8920
5249
3077
1150
7722
124
6440
3607
7509
3842
5024
9967
8587
6239
3242
3347
1575
7962
9115
9724
7156
9986
661
1026
1418
4242
639
2611
858
4675
5386
8703
1229
8386
9834
9626
6004
1352
7206
617
7780
6396
9502
7118
3097
6455
9051
480
6821
2294
9257
7851
3094
7337
2194
7795
6815
5767
4005
159
5095
1422
293
1987
8149
5869
1130
3705
4967
6821
3926
3326
8000
2404
4717
2126
1732
4531
2661
4684
1402
6783
6242
9599
3634
476
9507
6403
798
5824
1835
315
9541
7761
7721
4116
1793
3491
1302
1328
81
596
1565
7820
8956
3595
5096
4736
2836
9309
3201
3845
1839
9318
5499
207
1258
8020
9972
3167
7938
8732
8729
4283
9220
7730
7120
8026
9527
8399
4366
2986
2073
3941
6282
1971
8046
8190
6923
6890
3770
290
1248
4572
9323
5074
3095
4757
4038
4006
5892
5245
9733
67
6677
826
5373
1139
3877
7218
8721
9688
9338
9282
3010
6672
8998
3951
7166
280
2564
4168
7495
7268
4571
6406
469
7274
7484
487
5232
5184
8407
5678
6222
6034
3538
7558
4531
3304
6132
9265
9752
595
7542
7511
4191
9562
9254
8490
3288
7279
9801
7037
5465
6086
325
426
9476
2597
3060
1289
6669
4837
1405
3386
1105
4390
20
1935
3865
2866
7877
5633
4103
6753
6532
1188
2671
6048
5719
3723
4452
602
410
1578
7111
2018
3913
1269
245
8775
45
1251
6753
7519
5429
4755
4869
461
3249
1307
9577
1504
6126
574
4979
1083
2573
979
2497
4896
3920
6351
2664
6560
6911
7709
6600
2399
6180
5834
1439
6872
1124
9635
4473
1280
2954
6278
9238
1969
1970
5815
9618
3187
1497
7823
3448
5556
9102
9576
2842
5289
4198
3460
6558
7147
2119
6799
638
3266
1556
1170
8536
5016
8755
7942
6406
6989
4112
6351
301
91
5357
8472
255
1841
9704
1905
3669
1001
4884
2720
2444
1408
5104
3903
4382
9770
6262
1036
3421
8987
1553
2286
913
433
9215
6888
8243
7119
9673
8189
5967
1378
9429
8587
2162
2139
2654
5704
9801
5055
9668
1381
2040
8740
2144
8402
5476
409
2494
1286
7225
746
1054
4967
4290
3442
4869
5734
5478
9765
5209
2329
89
9319
6769
5769
2061
248
6325
8662
8310
283
303
8383
9939
2577
8408
7093
4444
5171
1230
3549
4956
124
8352
5747
3390
8385
6902
8294
4719
3237
7453
8581
945
9176
6551
4385
960
6447
6119
4960
2435
3390
582
8276
7939
6591
5991
6303
845
3040
9660
7136
6799
1506
7709
167
1217
6552
3742
1281
2464
358
7083
9013
5138
2555
6571
7796
1649
2451
531
6082
4929
4602
3980
2940
2679
7015
3334
3637
1504
8986
449
4911
3318
7029
4447
1211
7774
708
7693
235
4500
7078
8774
333
6506
245
9561
7337
1238
9087
9969
7125
2573
1382
2897
1392
7761
3054
5159
2301
5601
9708
5435
616
7057
4181
9650
8431
5558
5063
1239
8807
8773
1884
2473
1105
2383
1771
3955
942
4288
155
7986
8663
8154
3070
8673
6975
2162
6304
4061
3528
3064
9393
3622
6343
9326
7534
5525
9143
1143
4605
7524
1304
4705
1955
6114
5602
7011
7013
5016
9877
2611
6493
5795
2249
4
253
3857
457
5780
5314
6539
7077
7229
7803
2670
1645
9846
5028
762
7021
8784
453
3601
5632
1538
277
7073
5593
2345
2296
4145
5425
456
516
1503
4519
5899
9543
7386
3532
3093
3644
409
6819
5663
9081
8629
8020
4703
9642
6674
1869
8587
8161
4450
2701
9573
3016
3969
5923
6395
1956
7024
4407
885
9969
30
3346
2357
8185
8602
1055
4828
1595
8819
1490
1016
127
5085
1592
2150
4450
5070
4311
5683
8163
1130
7432
8111
4678
2000
5809
9438
6834
2150
7689
2543
9507
3176
7698
5974
8157
5303
7855
3799
793
8847
4492
3958
9112
603
8277
8631
3622
574
671
7243
4988
1512
3337
155
2892
9375
735
9362
3090
4847
8179
2149
9849
4471
6313
2376
9580
6765
9189
8685
7508
9971
2625
574
1869
9215
7370
9693
779
8659
8523
2726
7438
2580
3935
3122
3295
4936
5006
7036
112
33
5104
1571
9110
9694
6762
7524
8155
9978
6811
6314
8258
4014
6681
870
2707
8313
5050
9547
1350
6462
6960
2745
9386
5449
5283
5444
6250
7513
4990
6268
3411
8446
9675
782
9533
3932
2320
7879
5712
2542
1907
2755
7482
5642
5446
5894
5147
977
6794
5083
5360
616
9786
8059
6616
7842
2308
3205
8529
2075
2449
1892
3178
2592
1533
6172
6833
6572
3601
8250
4631
9422
7029
7289
9533
3477
3681
1871
6251
7992
8496
8292
1685
311
8692
5991
7767
1131
1141
4985
2192
2138
1882
1991
8927
4700
4500
1564
233
2835
9135
4478
7724
1245
3258
6248
9135
7278
9897
3692
8608
4226
605
2157
7562
4392
4193
9507
2354
4217
9514
7390
6187
7307
3974
4612
8870
1609
4453
9584
1430
7826
8676
2061
6458
7553
234
5090
5387
5532
7518
6498
5414
4277
4345
6806
1680
3450
6295
2146
6420
5267
1978
5475
3127
8007
6203
5829
7165
3113
2474
8277
2281
4333
9770
895
4833
7253
9050
5304
9293
3817
962
4435
3264
6724
6937
7211
7102
6030
9021
7256
2934
3090
926
9574
2428
395
3906
9920
9770
572
3233
7682
9
9487
9098
5020
4492
7046
4014
9422
4712
3322
6308
1521
7448
6910
1774
1766
4879
5538
5920
2354
7541
4170
5496
7464
4812
8834
8482
4009
4283
8868
5059
20
6293
2528
1424
2036
9285
138
5501
9734
8264
6627
7298
1759
121
337
6259
1044
5
3474
4263
9071
4732
9608
4854
161
7744
8648
4865
9022
9046
6765
4715
1408
2660
5860
7916
9302
2963
9250
1627
6587
1587
4739
9634
8970
4056
8809
5337
5161
4795
4289
6376
1038
960
1317
6369
7312
1546
9306
1215
1486
1442
709
925
1850
6219
1280
6954
9330
5059
7539
4497
8781
1954
7892
4314
213
6345
5413
215
7388
4975
3714
9376
5337
3073
9668
2218
9901
2194
6055
3551
3782
3522
7715
8916
4968
9256
732
139
7720
5999
5572
3133
551
4356
1269
7748
6997
5672
8993
4065
2892
4212
9709
9163
3097
3066
6575
8410
4044
5977
5599
4314
3746
1693
1258
3235
4779
9312
5789
2299
3808
303
3885
193
3240
7444
946
3836
3318
386
5924
7607
882
7695
1881
8522
8174
7461
6225
1420
6727
8613
8867
4785
7324
5717
6253
6269
2245
4871
8591
5061
8460
9634
9565
3390
8588
6003
346
8268
1405
2076
2167
2129
2292
2361
4215
8131
477
9184
310
8904
4156
9414
4639
395
4457
597
265
1426
3585
3391
5156
1707
450
4247
7372
5081
2193
2355
9962
8268
1211
8877
3021
4470
7225
8450
7104
3648
3977
3153
2787
580
1908
4598
2240
8362
6040
5595
6122
5436
1467
926
4203
1591
6373
6659
5800
9673
4069
5243
631
3452
1712
2348
6156
6153
9505
2055
1677
4750
4194
8122
5052
8256
4461
546
6508
8067
3477
12
189
1986
2559
5119
6911
5676
7845
8671
1965
2894
8886
6221
9462
4798
7994
5843
9843
7976
9670
2792
3685
1342
2486
6072
4487
8033
7755
4310
7865
5708
4531
2814
7797
5112
5578
5709
915
5098
2002
8250
1127
2733
8231
5377
1535
7523
9086
4250
3243
4351
4081
5049
8722
7231
5380
1490
182
2417
1097
3703
3307
4514
5516
7683
933
6313
5730
1882
9503
4576
2500
5089
1435
7483
7523
9248
4246
9355
4505
4233
4648
4940
3513
246
348
8408
4831
3070
188
2764
5927
3915
3812
3975
4113
7958
2679
9942
4328
2751
8579
6556
3759
2053
1373
1329
8047
881
9046
4832
573
7622
6650
9288
6073
8050
4318
7055
8304
5091
7297
3881
738
4601
6817
1221
811
4617
1836
1750
783
8042
1465
6577
7436
8468
346
6113
6302
1507
3533
6537
5248
5744
1121
7362
7242
3549
5826
6290
1160
889
5136
2323
7854
5704
9813
6362
939
5143
5026
48
72
4595
4316
3506
3014
8244
5782
8331
5251
2825
8267
3
1470
8260
5033
8503
2130
5962
127
5769
2728
77
6240
1908
8270
1710
1890
3106
5278
3924
9474
740
7152
7251
5450
6739
3021
4842
6388
9467
9885
2487
4703
7018
3612
7447
3891
3511
5775
9160
9188
8075
7306
7448
9538
46
9449
4260
2166
6079
3134
9301
7916
5611
2673
5512
7497
8441
2470
7497
5748
9211
8565
3358
3232
150
3715
2550
5343
7474
8929
6318
7181
2859
1704
3052
1452
7994
599
3696
2306
4278
5374
266
8805
8490
9394
3616
1453
9927
7027
4545
5078
2958
8469
6797
6276
2099
2689
8239
5516
6131
9326
2159
8230
9592
4089
5450
3001
1471
7977
5198
6406
7394
8845
9920
5924
3325
5523
8138
8233
9295
4713
7956
836
9281
6531
6660
6316
2402
7056
784
8228
787
4714
2632
2217
4209
5984
4853
5652
6996
1043
6535
4456
6742
9714
6583
1231
4780
8672
5644
5693
3189
8727
8372
5020
3638
9661
8635
1607
8591
1636
1006
728
280
8747
9681
4706
3437
1031
254
4782
4724
6546
4983
6846
7993
9136
5365
5249
9382
3291
6524
8249
2132
2117
3237
8022
5257
1497
8459
8975
3536
3272
9563
6644
9289
4259
2438
1810
2108
1583
3520
6878
8431
6805
5246
890
3711
3117
8566
2639
4210
7969
1458
3424
5027
1631
4005
4088
9343
4628
8497
119
584
1346
8848
1467
1796
3072
7539
9039
5367
9849
687
4393
4187
1856
8616
7716
4169
8784
1747
7102
8320
4376
985
7867
535
6524
9364
2048
2020
4806
878
4364
194
732
8149
7096
1489
4720
8158
1776
8853
4802
6529
269
520
5371
9275
8541
1616
7490
7468
1311
9315
8640
4708
2460
291
4272
6868
1621
5570
7471
2975
9916
2981
8286
5156
4994
5879
1474
3035
6932
7265
642
7884
3458
2665
9719
9934
9116
2219
5699
8494
9575
8504
4113
5395
841
7632
1636
3238
2437
9736
868
7986
7995
8136
6645
9912
845
3711
8686
9072
4418
7386
8306
3454
117
6491
8467
5862
8850
6532
2555
8575
2401
4846
8533
2804
974
7807
2735
2001
2787
6635
5381
6475
4062
4125
2365
8798
593
384
6210
7247
280
1946
6398
2726
9520
3250
9577
9376
1951
7024
9120
1054
4547
2811
1756
3722
6006
5754
1666
9120
8974
2650
4031
172
2456
3453
2265
9577
2909
6924
9515
779
3569
6472
6227
7659
250
5904
8682
781
7644
9103
810
246
8664
1527
6585
3036
1115
4414
8345
6447
298
7860
1743
733
3367
4538
3864
1258
8053
4510
7350
7438
1178
2507
2486
4460
2764
3656
1385
4778
6262
8333
1211
182
7508
5330
5028
6497
7727
7205
5857
8983
2740
7732
2628
7545
13
9174
6889
8580
912
6773
4057
6174
694
1639
6693
8091
9635
6821
5024
7372
2316
8383
8443
6008
9366
6029
2477
5818
162
9919
1816
2670
2317
7565
7736
2206
2854
9713
8934
4332
6496
8900
5008
3110
604
4263
1257
7436
9431
518
7694
5589
2168
1390
5767
5033
6103
1049
6513
1998
2151
2817
8706
5491
65
3643
1827
6561
2505
7296
3182
622
9903
403
2104
7306
388
9982
94
3087
8134
2815
4274
7656
2522
9150
7141
3103
2984
614
626
764
8430
1020
7644
7229
6744
4710
3034
3465
8219
8534
5686
2460
5241
9771
9724
5657
5848
3527
3864
7854
4549
8329
7101
7337
9457
2415
8541
5574
5491
4977
6912
721
9361
386
3507
4338
4166
2619
6105
2074
5147
7207
5041
1298
5127
3173
8978
5908
7255
7496
4807
6981
1297
9981
1722
5525
5189
4162
6809
6274
8998
5452
9909
520
9800
8331
1475
5991
8315
7533
687
3589
1512
275
7058
8305
3732
1066
7576
6819
6462
1898
3246
2392
8673
8872
7985
4538
4493
5952
8617
5644
4257
4050
9511
4330
3945
5130
19
9434
9301
9783
2204
3877
8178
856
7685
3723
5799
644
1194
9499
3994
9558
1521
5601
8447
783
6999
4818
3265
7273
2344
4260
1141
4155
3107
4005
103
2036
2769
6902
9756
4557
2006
7305
7018
9500
7797
2183
5073
5526
3789
8339
9858
4491
2325
3535
5556
5408
2535
2507
6359
8521
7502
6476
9499
2055
4684
2459
6712
2778
9323
4753
1821
8520
1174
6920
5044
6089
1493
5621
3783
1536
5062
7750
4947
7472
5648
2052
5805
5793
9658
4943
7233
6894
1713
6197
4942
8213
6060
9004
19
7887
3640
5917
1262
1629
7295
7358
6632
2109
7430
5888
226
1691
4684
4047
2687
5099
5311
7632
9494
7233
9173
4217
1123
2696
9494
8718
3114
1750
2973
3093
7338
540
460
271
3197
9204
2832
4121
7657
8901
9146
3749
3705
8774
4945
9278
1188
1741
9880
4072
5858
4992
2782
8100
1966
2805
5800
638
5915
6845
8606
9867
729
2770
3469
6518
3443
4756
7047
1417
4648
3596
6642
6863
9676
7956
3809
5053
7771
9665
5014
8260
2855
513
9904
3525
5815
1350
270
4201
6458
3639
9122
7353
4121
2030
1296
5436
643
4985
4178
4364
7885
1072
8066
695
2780
7856
6340
4607
8927
9029
1876
2049
7110
2809
1888
2488
6276
2419
7890
4105
3001
4531
854
6606
1815
5443
5651
5277
6566
1915
484
7977
8875
3587
4809
3921
965
8857
9742
5494
4869
5486
8981
6808
5670
8529
4783
5715
5917
1196
7882
6602
638
6180
2000
1862
8681
8188
1424
5457
8654
3793
7262
8897
8895
5365
2573
8014
1646
5924
7336
7844
1795
8458
4163
2140
9190
9071
4459
3703
8369
6756
9362
306
7096
4683
1271
2645
267
7112
6031
1591
6199
1737
6894
3225
9394
2934
4299
6406
9383
6376
9925
4853
4661
2211
54
4001
2946
336
6866
9973
3786
7196
7471
9504
3787
5286
9307
5907
646
3340
5781
8520
9776
8224
8053
2901
384
7574
4062
9245
7516
6454
4198
1025
1650
7440
236
8916
6759
3544
1042
8464
4627
5349
11
6149
1483
4977
3734
4517
366
5529
4225
7694
7725
7847
966
195
1597
957
6139
2240
1817
3484
8589
9025
3417
79
7648
6509
5589
4760
2816
3340
2422
3076
667
2057
1173
426
6778
7258
1068
448
9879
7006
5988
9943
615
2841
7584
9608
7919
816
431
2894
2228
218
1043
991
4866
3040
1022
4295
3816
9651
4924
6231
6467
3938
1908
4564
3174
5572
1030
8910
6093
9859
8632
153
300
8885
5791
1982
5261
6300
657
2688
7387
9182
3726
8751
7313
5033
1732
2708
634
1799
7688
6060
5585
7463
7304
7696
4295
9708
5812
3540
21
6259
3548
2494
166
4898
3761
3592
9305
1736
1140
2074
2826
2051
1412
9859
8752
5470
1926
8125
9531
2099
740
8208
9822
5635
3310
7256
8947
4408
2545
3056
4095
5891
185
2369
4916
4357
999
7787
1352
4894
7241
3493
5320
164
2212
2594
763
5752
2663
682
9997
8221
4485
9556
5733
7072
1206
2762
2806
5032
7577
3455
8751
4877
1415
7850
73
7596
9230
8818
5648
1404
9000
8531
5630
2931
4846
1192
7364
1892
3584
9611
6096
6466
2502
1038
2501
9055
3673
24
6744
4608
9493
4732
6647
36
6030
4628
8145
6052
6290
6211
6715
177
9662
3385
1974
3621
5223
2845
6351
7691
5562
8481
8554
3480
8559
4036
2294
8258
7805
1981
2463
5928
8028
7133
95
8655
469
4731
9003
4146
5484
4839
1911
8595
296
6934
5958
325
1992
9245
7589
5799
3999
2045
2286
2650
5045
2247
596
5661
1113
6020
6135
9518
1623
7173
3778
3516
895
2709
3829
4777
4069
7356
6207
2884
8544
4871
8679
1572
3147
4925
6617
9493
3544
7602
2817
9719
2801
3769
2413
9118
7920
2549
3130
9107
6913
9072
1899
8354
5022
4426
4076
1060
8997
65
2975
8958
3473
2630
8035
7498
5428
1960
2176
7087
2697
2758
1670
76
8620
5956
1461
7632
301
6982
3381
4033
8811
6313
857
381
9296
1937
1297
347
6310
4998
4157
3477
739
4678
9788
6126
5640
675
9052
3623
7063
3549
9519
1066
9694
8442
9802
8859
9603
3786
572
6072
9277
85
4672
9047
6422
2007
5434
8510
5685
6079
2160
7314
3811
5739
2782
4681
7140
446
3269
1019
6599
596
9682
7154
755
1102
4819
9709
3121
6022
4713
4984
6108
7061
6465
5442
4180
6624
4781
1166
3525
6794
5049
574
6567
8455
2259
2660
7618
4595
9174
4192
6275
2620
7443
5174
7386
7057
2096
8473
7479
8490
2162
8433
4463
2307
6010
5011
8099
1802
764
2766
5645
4213
7681
7230
8645
8249
6738
9519
5623
9182
282
9457
608
5355
7105
7866
2687
57
9486
5146
3894
6560
3719
4393
8633
7339
8601
7921
5458
7107
2673
1235
9751
8158
6629
4555
9173
475
1293
4723
5175
9503
9866
8433
8446
1902
9584
2017
696
3853
2894
8330
4099
4972
8957
3967
4143
5573
9785
2227
9675
1772
8960
7908
1449
7346
961
6568
416
4117
4881
4885
8086
7692
8838
2271
3627
4376
8538
3181
8555
3240
1846
1747
668
5368
780
5589
6231
8865
9769
7502
2523
5271
1672
9289
431
4848
2209
6934
3174
4398
6610
4166
6586
4747
8884
3089
3993
244
5634
1921
2412
2762
9758
5982
3838
9289
1407
8020
5119
4679
1914
8637
9970
8565
2370
3863
4414
2161
9868
6534
4622
5815
5840
5402
2535
1113
7672
7107
2649
3243
8956
3280
3757
8996
9165
7770
3470
7464
4631
1263
1676
1622
9689
4492
1550
4673
3998
3479
9131
7372
1992
1833
4495
5961
9133
5156
7825
4648
533
501
5910
6646
7967
2264
9333
467
6616
3903
1011
5912
271
6936
9802
5537
1244
2976
2395
9664
8559
6846
8400
2787
4567
4678
8747
1789
8368
8192
8654
7644
8043
238
4681
8031
963
5258
163
5093
6073
9395
8844
3304
1542
1357
9371
2499
913
2692
302
647
8910
2158
6050
2232
4275
1618
1186
4495
9614
7364
8786
4530
7081
655
3249
3507
2740
1666
3404
1021
8746
9887
5047
4134
2467
5039
3320
3443
2549
3545
7553
3496
4872
4839
5460
200
1418
7481
7384
3195
2195
1389
5063
3129
818
972
2260
5253
9776
3238
1698
7043
3882
4388
3476
7819
3260
4918
778
3833
6625
1328
3351
7290
2337
9533
9370
2985
5749
2048
8179
8325
6126
1253
7108
5292
3945
2401
8717
3663
2955
6918
8580
9307
3674
174
8932
6134
6341
8606
2726
3600
1720
4990
6122
6284
7623
5001
2087
8235
6704
2628
8474
5682
813
7183
3154
1498
2618
7937
2335
1804
2698
4784
8306
6070
3422
1926
1215
9730
993
7445
6029
1705
8562
3814
1405
531
7758
2752
6430
1579
4195
1038
2587
3010
794
3938
1364
5649
3174
165
6341
6964
5772
2721
5712
5198
5758
5315
6787
6690
5079
2521
4367
5561
1499
9338
7552
1744
6693
4927
9301
9552
2191
9717
7173
6060
8352
4152
1110
7042
6978
5092
229
3918
7117
6794
226
2376
1378
2889
1387
9938
2043
5557
5186
8051
9750
7117
3889
7848
8521
6171
9837
2478
6163
1185
8162
16
8440
982
7595
3394
2562
2794
144
3825
9884
6059
3125
5972
138
4092
3646
8095
7350
2361
1902
9125
5735
8213
2022
9165
8150
6153
2895
505
7077
4126
6367
1400
3049
4425
6589
9648
8410
9217
260
862
7955
6864
2539
6567
1798
6903
1900
4267
3693
4024
7281
3816
501
3944
2983
9084
2780
5564
7705
4288
9601
9366
6803
172
7088
822
1892
3068
5005
7420
7539
1532
197
2199
2294
6699
1020
4251
7277
3014
8793
3020
8321
7614
9952
2341
2176
7259
7635
6376
2670
535
5795
188
2501
3904
4888
8827
2468
9152
5599
3538
5682
6405
8460
8911
96
7735
4483
4268
2171
6877
9398
7181
7132
8712
5077
309
8317
1371
8538
976
6586
6645
9281
6366
9467
728
5314
5786
9156
7368
8038
8449
7492
1957
9916
9530
8256
9766
2188
4599
8033
2633
4958
9250
7279
111
135
5613
3353
2696
9414
6296
1470
59
453
5266
3913
212
3687
8380
4199
8962
7700
4271
4789
6842
1302
5155
8946
1011
2842
188
8988
979
5041
1243
1535
4305
4418
8198
3377
9653
5160
2392
9033
4967
4148
9773
4016
3341
7445
3654
1224
9570
9926
7484
4221
8838
3831
6039
5478
7259
1232
8643
9212
6890
206
7589
3759
7816
9878
6350
6652
6275
3474
2496
4052
2234
3643
5927
1793
8979
366
6523
9164
2436
7901
4756
6442
4892
2985
7980
7495
6842
9389
9671
4938
5475
1980
3294
946
2342
216
5861
8759
2553
4737
2140
6578
6426
4557
5789
1992
9669
2310
6967
8204
4708
5831
7084
8495
5161
9090
1101
3915
4063
981
2394
5552
9092
6453
9005
5117
6760
3147
4354
566
1345
6754
1403
3142
5029
8406
9076
3602
399
8957
7382
5545
4690
6384
3262
359
7765
8132
3301
5468
3905
5808
9020
691
9736
9529
3693
5489
4275
3350
3052
5734
7839
1358
1306
6897
6584
5518
6075
5942
4544
1151
4869
6932
4191
1678
7079
2068
3533
9108
3247
5671
4981
4634
4228
7149
4042
1481
5941
9947
6025
631
5101
5572
7882
1072
7440
8632
7137
8884
2900
2136
9341
303
4708
1320
1769
7450
4552
8132
4620
2315
3880
4492
9562
7012
1687
922
22
8214
4594
5559
5917
738
7863
1079
6330
373
985
3254
4028
4509
4447
2778
7207
9917
9090
5830
1497
6151
8850
1338
5528
1950
5333
541
7781
7010
277
7493
177
8957
9729
2219
7091
8923
3333
8967
4209
9444
7582
7091
7026
8048
1558
5436
8989
1775
3366
5606
8992
3579
3347
4460
5994
6860
1292
4061
7378
8445
1363
3308
5371
748
2655
7839
4828
1274
6274
2091
3640
9479
9944
1162
3477
4092
8423
8028
6690
424
2594
75
4632
5059
2886
3900
5885
1876
4993
6985
4004
8071
7168
2788
4254
2052
5925
5756
6867
5634
818
3229
8868
1949
606
3721
6738
8226
8959
1331
3526
1682
3735
6950
6185
2416
2429
435
1300
9205
3092
7992
6189
7950
5117
6628
6534
4328
8214
518
7775
3115
8232
2910
8243
6987
4826
2598
3352
8203
5265
7865
2624
4769
6446
7127
5153
7928
8648
9385
8627
8254
1358
139
8099
2331
6656
6261
6619
7161
6478
216
5330
7476
9132
2624
1849
9680
8969
27
9567
2937
8074
6664
9741
2965
3259
1391
4363
3931
3642
3024
2234
6887
4759
8323
6187
4137
3658
3472
6700
8254
8533
6582
2961
344
4837
1605
6484
852
3526
1530
8211
1954
7970
8511
795
384
7895
1578
1672
3935
384
6838
2582
5281
9124
4461
7571
1503
3634
5521
2147
192
5342
495
9926
4509
502
1965
909
4126
5286
6710
4140
5960
9624
8390
7975
4370
1517
8050
6094
6942
7530
8538
4173
2596
5133
5217
1485
2571
2535
1442
3248
3528
5625
2473
9080
2195
3955
9938
5434
6074
2687
2727
1870
1423
58
2132
5839
5559
8309
4221
2293
2435
5044
842
5904
9897
1617
3038
625
2723
9346
2868
5189
8004
2637
3194
4532
1564
2150
4546
1366
2938
7151
1439
5836
7535
8013
9074
9636
2243
1145
4685
9342
6593
8409
621
6133
8399
4884
6262
913
6056
373
3941
6584
5071
987
6768
5414
5524
6823
7814
4297
6758
1023
1554
3655
6506
7396
1773
9507
2639
5149
5269
9206
7130
1931
713
5881
9461
4039
6886
340
769
7940
8201
7644
8991
6463
8238
9543
2304
8816
392
207
3734
485
7919
8878
3878
8669
5055
8303
961
9425
1040
8233
5016
8533
5147
5590
9822
1283
9175
3035
8035
1911
992
9900
2732
5392
8116
9817
209
3585
6765
293
2862
6563
9060
8502
4440
596
2670
9750
4953
8181
6427
993
1919
5207
351
769
7606
6021
5441
1219
4535
3821
5965